107,425
60,60
261,22
317,254
317,366
317,414
317,317
370,370
370,367
382,480
382,143
382,110
382,127
382,424
382,285
382,353
382,429
319,319
319,149
361,366
361,330
61,358
242,108
242,139
242,153
242,388
38,179
38,73
38,257
326,100
334,109
334,192
334,244
334,308
334,384
334,149
162,360
162,45
157,408
157,199
52,33
56,164
154,254
154,436
438,69
438,44
332,86
84,484
84,339
288,308
456,188
456,456
178,311
178,431
178,120
129,122
23,23
63,316
142,187
480,110
119,254
283,355
272,366
272,262
272,385
311,245
17,92
108,139
455,165
455,467
455,283
455,322
455,257
95,240
95,401
377,110
347,347
347,440
347,316
347,389
347,399
347,44
65,369
65,64
65,121
103,123
439,123
486,486
21,237
385,480
83,110
380,185
138,138
138,45
253,121
148,149
53,185
461,369
436,223
370,166
18,308
18,115
245,245
441,123
139,210
311,311
311,283
118,118
118,406
322,293
322,354
322,283
322,68
297,200
155,321
340,357
340,364
98,378
274,121
374,184
374,341
99,304
92,357
208,439
370,213
370,121
402,166
402,188
228,480
89,63
445,169
174,110
174,83
148,319
463,118
463,406
165,283
165,460
165,245
386,139
351,38
351,151
254,366
254,68
254,385
254,44
143,472
143,285
26,449
137,357
402,354
193,123
168,56
168,319
347,257
71,257
151,338
151,283
318,372
318,293
375,340
298,115
298,88
422,99
182,294
467,312
467,257
202,92
202,357
211,413
211,44
258,465
460,139
250,341
458,458
466,320
433,433
196,196
196,309
367,293
367,372
185,147
269,123
370,131
370,69
370,44
310,482
163,46
448,305
186,123
372,293
372,372
59,123
59,176
370,172
370,200
370,219
261,261
261,171
261,370
261,44
338,283
209,133
360,360
223,223
2,111
2,257
2,333
276,191
276,260
446,283
446,257
446,44
446,399
293,402
293,293
428,449
476,392
476,257
354,93
436,436
325,480
325,73
325,146
295,333
295,223
188,188
273,83
273,481
151,151
151,2
151,180
151,312
151,405
151,257
151,7
275,44
62,206
62,254
160,100
279,279
472,110
472,474
472,481
221,64
479,209
473,37
223,363
67,223
24,342
278,342
278,283
278,139
278,44
278,333
434,165
200,278
454,64
454,40
283,460
283,44
88,475
88,11
88,352
88,88
192,109
421,185
130,130
130,229
309,354
90,83
37,308
180,2
180,376
307,322
206,366
206,206
206,44
451,7
451,308
9,333
9,319
194,57
172,172
31,399
31,385
332,122
171,206
104,324
230,110
230,146
200,200
134,254
134,366
134,414
127,238
252,121
366,345
171,171
171,231
145,172
283,1
151,167
151,440
99,123
99,395
270,227
42,138
42,408
42,115
42,205
197,327
432,455
330,205
312,283
312,440
327,56
166,1
166,309
166,166
454,81
328,254
328,366
328,414
328,51
45,45
138,360
138,85
8,322
413,366
232,278
201,221
277,184
277,83
196,300
144,414
32,333
32,319
303,303
54,278
54,200
101,396
166,16
340,47
340,353
340,340
417,111
417,257
417,291
48,192
470,480
296,172
460,413
97,273
440,440
434,434
368,254
368,368
313,26
313,16
313,402
296,225
176,221
176,83
464,121
388,200
388,47
388,227
47,319
244,451
129,308
139,342
139,364
139,333
135,370
135,462
415,240
36,160
36,100
402,402
64,274
64,121
374,434
374,291
293,184
293,257
293,399
354,8
3,3
223,354
223,56
223,441
216,97
216,418
306,306
112,409
110,115
110,313
337,278
468,468
341,121
165,165
115,133
115,11
115,108
453,47
453,319
140,483
120,188
120,245
120,319
35,172
49,110
442,480
442,217
442,372
333,159
333,333
469,195
469,222
469,68
469,437
300,333
260,191
260,192
11,480
183,276
226,64
226,100
360,308
160,160
196,346
393,139
414,254
414,366
414,487
414,68
414,415
29,72
306,123
306,383
306,25
306,481
405,200
405,192
405,447
405,257
261,408
358,485
358,358
358,399
60,294
383,123
50,360
171,254
171,366
171,328
171,414
267,10
293,121
293,83
293,437
257,257
257,44
357,149
7,350
56,83
56,319
396,7
396,149
116,111
111,393
471,96
444,85
444,113
278,278
131,338
131,440
131,44
110,108
110,181
51,148
51,167
92,109
92,192
92,384
367,367
259,39
322,372
322,367
322,442
148,148
364,339
436,128
436,480
222,83
222,238
97,402
97,368
97,205
239,239
114,221
477,172
335,427
335,33
335,335
73,134
73,465
426,184
426,277
326,77
241,358
241,60
373,123
413,413
413,251
413,44
487,254
487,366
487,68
348,348
348,144
348,364
314,314
395,395
0,148
0,400
207,123
207,207
207,83
350,245
236,308
214,151
407,466
407,115
407,320
407,313
286,102
419,373
124,278
124,304
348,200
474,339
147,339
147,283
245,354
245,139
118,212
118,106
81,464
81,339
74,86
79,212
308,149
23,279
381,249
306,115
34,34
122,44
451,148
451,367
365,98
365,134
365,81
365,188
384,149
307,307
125,436
125,110
125,440
125,44
19,480
430,442
430,88
430,372
25,123
25,221
25,207
25,83
292,192
370,395
370,366
370,440
370,266
329,354
329,139
329,412
459,154
459,446
102,115
102,480
264,223
264,393
46,46
450,44
10,160
117,281
117,322
117,47
117,434
117,24
59,294
132,70
132,196
41,451
104,240
265,265
4,403
232,240
262,184
262,121
262,83
262,399
412,8
412,245
14,110
14,364
14,222
14,204
14,83
282,282
481,115
346,354
136,221
285,429
126,315
152,188
434,346
156,142
374,115
200,134
200,257
155,115
149,149
20,466
20,83
20,320
7,139
77,293
77,77
217,403
322,339
322,257
344,46
411,192
411,44
411,411
414,81
306,215
276,327
343,67
343,69
175,195
175,115
75,221
75,481
366,115
204,339
248,133
248,209
146,472
148,188
420,480
420,385
420,254
173,172
173,296
13,366
13,414
394,394
345,345
177,262
177,205
170,224
141,193
308,308
264,289
458,370
255,255
52,296
235,335
198,354
198,44
474,245
474,342
256,364
256,256
6,480
6,243
6,146
221,44
221,266
222,210
389,44
389,266
150,195
150,58
221,123
219,362
404,404
340,93
340,319
192,44
320,83
397,83
203,312
203,47
203,355
401,257
401,385
401,44
27,58
27,293
251,251
293,354
293,44
231,316
402,123
402,83
257,283
257,399
452,452
400,284
24,188
24,460
406,357
406,121
406,364
83,184
83,121
322,467
322,322
457,390
398,98
299,233
109,270
109,276
189,110
486,83
102,251
102,44
336,485
336,44
410,480
410,328
410,300
5,281
5,223
5,441
337,148
337,362
337,396
268,367
400,134
400,148
83,83
437,283
182,255
205,83
205,402
468,326
381,381
293,283
359,255
105,472
105,83
301,106
43,257
162,162
319,192
319,440
83,115
83,238
186,103
186,263
68,231
218,39
271,16
437,184
437,83
437,437
30,293
280,280
2,139
2,245
76,76
385,165
385,293
385,312
385,460
385,402
391,148
391,319
391,51
379,278
379,293
12,12
12,128
400,7
223,294
7,192
7,7
399,341
399,192
399,399
33,427
33,271
87,291
333,370
198,198
255,402
246,478
94,223
94,144
94,44
94,441
302,373
349,349
379,364
91,278
44,440
44,266
82,374
82,415
371,416
7,283
7,257
7,44
66,46
88,115
88,262
88,83
263,368
443,331
443,356
435,123
435,83
149,366
15,455
15,432
15,257
323,44
83,123
158,102
158,44
234,364
234,190
220,36
68,25
450,326
450,254
450,80
83,282
122,122
57,106
313,115
287,367
304,408
176,123
388,354
388,139
165,121
290,35
290,172
94,467
94,283
94,312
94,35
94,395
94,440
94,200
94,192
94,257
94,319
94,16
78,184
78,293
28,28
301,301
10,373
333,312
418,44
418,418
386,254
386,366
386,340
386,487
134,69
134,370
134,44
55,423
161,108
357,364
342,227
291,399
291,385
291,44
184,184
184,358
245,192
387,210
247,257
